tree
version=v4
num_class=1
num_tree_per_iteration=1
label_index=0
max_feature_idx=19
objective=binary sigmoid:1
feature_names=url_length hostname_length path_length query_length dot_count hyphen_count digit_ratio subdomain_depth has_ip_host has_at_symbol has_punycode has_sensitive_keyword has_suspicious_tld query_param_count path_depth entropy is_shortener uses_https has_abnormal_port brand_keyword_count
feature_infos=[12:1641] [4:214] [0:602] [0:1585] [1:24] [0:32] [0:0.7348484992980957] [0:13] [0:1] [0:1] [0:1] [0:1] [0:1] [0:18] [0:27] [2.479233980178833:5.9969520568847656] [0:1] [0:1] none [0:3]
tree_sizes=6622 6824 6810 6830 6840 6821 6838 6771 6794 6846

Tree=0
num_leaves=63
num_cat=0
split_feature=17 4 2 4 2 2 2 7 15 4 2 14 2 14 2 2 7 14 6 15 0 15 1 15 2 0 1 0 2 15 6 3 15 0 15 0 6 2 6 15 6 6 15 0 1 0 2 2 2 2 6 1 6 0 0 1 6 15 15 6 6 2
split_gain=162803 22485.7 10735.9 2587.44 1730.8 26501.9 1634.27 1151.53 711.886 519.794 404.834 10182 835.016 401.291 333.03 829.672 211.707 154.54 83.2831 66.6235 54.5338 27.5007 18.5594 16.2052 9.56042 43.6925 21.5677 6.16834 5.71413 4.17729 4.14183 3.9826 18.7735 4.9098 7.44373 3.31938 17.025 3.28267 192.501 16.8919 3.17362 3.42856 3.00171 2.38431 1.92941 1.85994 26.5669 1929.19 2.07845 2239.92 1.88543 16.443 11.7174 1.50006 1.34551 1.2866 1.27238 1.24093 3.23258 1.1614 1.7022 0.924505
threshold=1.0000000180025095e-35 2.5000000000000004 38.500000000000007 1.5000000000000002 4.5000000000000009 1.0000000180025095e-35 10.500000000000002 1.0000000180025095e-35 4.5837340354919442 3.5000000000000004 10.500000000000002 2.5000000000000004 28.500000000000004 1.5000000000000002 4.5000000000000009 1.0000000180025095e-35 1.5000000000000002 3.5000000000000004 0.13969751447439197 4.732208490371705 32.500000000000007 4.500451087951661 4.5000000000000009 4.1270830631256112 7.5000000000000009 38.500000000000007 25.500000000000004 28.500000000000004 7.5000000000000009 3.9259965419769292 0.19526211917400363 9.5000000000000018 4.1496205329895028 40.500000000000007 4.2366964817047128 27.500000000000004 0.04089996591210366 34.500000000000007 0.10487038642168046 4.4083304405212411 0.046620300039649017 0.057771774008870132 3.5375989675521855 33.500000000000007 15.500000000000002 49.500000000000007 10.500000000000002 28.500000000000004 1.0000000180025095e-35 4.5000000000000009 0.039344685152173049 7.5000000000000009 0.17521929740905764 31.500000000000004 63.500000000000007 18.500000000000004 0.050114154815673835 4.0828311443328866 4.0544815063476571 0.055250305682420738 0.069883722811937346 8.5000000000000018
decision_type=2 2 2 2 2 2 2 2 2 2 2 2 2 2 2 2 2 2 2 2 2 2 2 2 2 2 2 2 2 2 2 2 2 2 2 2 2 2 2 2 2 2 2 2 2 2 2 2 2 2 2 2 2 2 2 2 2 2 2 2 2 2
left_child=-1 2 3 19 5 20 9 -6 10 14 13 -12 -13 18 15 27 -16 -10 21 22 35 24 -2 29 25 40 -27 -3 -18 -22 37 32 53 34 55 -5 -37 38 -14 -39 42 -42 -9 -31 -44 46 48 -48 -24 -50 -51 52 59 -26 -40 61 -53 58 -46 -52 -61 -34
right_child=1 6 -4 4 7 -7 -8 8 17 -11 11 12 30 -15 16 -17 28 -19 -20 -21 23 -23 45 -25 31 26 -28 -29 -30 43 -32 -33 33 -35 -36 36 -38 39 54 -41 41 -43 44 -45 57 -47 47 -49 49 50 51 56 -54 -55 -56 -57 -58 -59 -60 60 -62 -63
leaf_value=-2.4826145255721368 -3.4011065885596894 -3.4809268687918666 -2.5644643490378676 -3.497686832821822 -2.8482195001574522 -2.511195213273083 -2.623561920493787 -3.4489014082070746 -2.8993167612645032 -2.7428039836032863 -2.564004372455654 -2.915781037445222 -3.1655563379877401 -3.0400976769240113 -3.0802874960804605 -2.7514734113971273 -3.42489358800939 -3.4214108818510147 -3.2956001877665377 -3.3296820068577517 -3.487350830162796 -3.384881887331749 -3.5004790842232456 -3.3556421206358076 -3.4996217720704594 -3.2992492048320337 -3.463182051228018 -3.4070656204391399 -3.4841125471962555 -3.4724666392725734 -3.4431810781688204 -3.500382787400409 -3.4835335452906917 -3.4138934048036989 -3.4171959547597135 -3.490456801024949 -3.3904832501451891 -3.4993661551466948 -3.4992934271362199 -3.4085092826461203 -3.425643257550786 -3.4854719482785432 -3.4968869933651803 -3.4261346051202417 -3.4842728371511322 -3.5002792319586851 -2.7732009970086127 -3.4999366174625877 -2.7514734113971269 -3.5002184210764336 -3.4898766189128274 -3.49216957662671 -3.3864190291992275 -3.4918979009188718 -3.4634704863957135 -3.4925373703517559 -3.4995242892255103 -3.4960581681732705 -3.4500681851682375 -3.4563265396601626 -3.479687360276031 -3.4557109583869452
leaf_weight=146.6258325278759 0.81979299336671729 2.1080391258001314 10.218134095892308 168.02828531898558 1.668864307925104 27.141003744676709 24.418119873851538 0.76123635098338027 1.3468027748167508 2.7228838708251706 10.276690738275645 1.2589678112417448 0.61484474502503772 0.76123635098338027 0.64412306621670712 2.6057705860584974 0.99546292051672924 0.90762795694172371 0.90762795694172282 1.1125762052834023 1.3468027748167504 1.0832978840917338 1713.6015827059746 1.6981426291167734 65.934779323637486 0.64412306621670667 1.4346377383917568 0.61484474502503861 4.5381397847086191 1.1711328476667402 0.58556642383336921 206.14865951053798 0.81979299336671774 1.4346377383917568 1.1711328476667402 28.868424694985155 0.64412306621670623 154.17963939532638 48.192116681486368 0.96618459932505985 0.61484474502503772 1.0540195629000662 32.176874989643693 3.0449454039335251 17.508436072617776 2375.2916416376829 2.3422656953334799 202.07897286489606 2.6057705860584965 2297.1770806983113 1.9030908774584503 42.160782516002655 0.58556642383337099 68.59910655207932 0.64412306621670623 2.869275476783514 238.06202960945666 5.9142208807170382 1.9909258410334576 4.4503048211336118 4.8016446754336357 1.6981426291167734
leaf_count=5008 28 72 349 5739 57 927 834 26 46 93 351 43 21 26 22 89 34 31 31 38 46 37 58528 58 2252 22 49 21 155 40 20 7041 28 49 40 986 22 5266 1646 33 21 36 1099 104 598 81128 80 6902 89 78460 65 1440 20 2343 22 98 8131 202 68 152 164 58
internal_value=-3.46958 -3.48825 -3.49189 -3.49323 -3.44438 -3.37445 -2.77562 -3.47007 -3.47269 -3.07497 -3.47496 -3.44183 -3.48968 -3.49235 -3.20541 -3.05005 -3.37919 -3.03012 -3.49422 -3.49937 -3.49295 -3.49508 -3.49942 -3.41689 -3.49558 -3.48435 -3.37355 -3.45193 -3.46825 -3.45011 -3.49587 -3.49753 -3.49321 -3.45039 -3.46469 -3.49599 -3.48575 -3.49615 -3.48862 -3.49841 -3.4897 -3.45522 -3.49091 -3.43709 -3.49181 -3.49944 -3.499 -3.48826 -3.4995 -3.49884 -3.49987 -3.49705 -3.46278 -3.49588 -3.49871 -3.4816 -3.4985 -3.4846 -3.48 -3.47331 -3.46825 -3.46616
internal_weight=7948.6 7801.97 7763.32 7753.1 866.111 231.943 38.6474 634.168 632.5 14.2293 630.245 216.718 206.441 413.527 11.5064 5.32865 6.17773 2.25443 412.766 6886.99 204.802 411.858 6885.88 7.26102 410.775 62.0993 2.07876 2.72288 5.5336 5.56288 205.182 348.676 142.527 7.99298 6.55834 197.541 29.5125 204.597 49.4511 155.146 60.0206 1.66886 58.3517 4.21608 57.5905 6885.06 4509.77 204.421 4305.35 2591.75 2589.14 291.963 11.7406 134.534 48.8362 5.38721 280.223 25.4136 19.4994 11.155 9.25195 2.51794
internal_count=271484 266476 265156 264807 29582 7922 1320 21660 21603 486 21526 7402 7051 14124 393 182 211 77 14098 235225 6995 14067 235187 248 14030 2121 71 93 189 190 7008 11909 4868 273 224 6747 1008 6988 1689 5299 2050 57 1993 144 1967 235159 154031 6982 147049 88521 88432 9972 401 4595 1668 184 9571 868 666 381 316 86
is_linear=0
shrinkage=1


Tree=1
num_leaves=63
num_cat=0
split_feature=17 4 2 4 2 2 7 15 2 14 2 2 14 16 7 4 0 14 15 6 0 5 0 15 0 15 0 3 15 2 0 6 0 6 0 0 6 2 15 19 2 2 11 2 15 15 15 15 15 2 15 0 2 2 2 2 15 15 5 11 0 0
split_gain=61756.8 11637.5 4794.33 2465.58 1336.85 9495.62 741.023 499.398 378.348 4331.13 601.464 339.497 275.66 222.23 200.262 706.59 208.861 81.3586 77.6249 76.101 51.4184 25.8256 19.9255 17.9331 39.2434 11.8851 14.1986 7.51976 13.622 10.449 6.76484 9.71977 4.85436 3.9798 3.66787 3.19147 2.95824 3.24418 3.07385 2.78473 3.7512 14.9312 2.57931 157.108 38.0305 2.48307 2.35575 2.33898 1.88625 1.83977 1.65817 1.62634 22.4559 1053.23 1.9617 1264.92 1.34187 2.94189 1.39383 1.26994 1.20451 2.04297
threshold=1.0000000180025095e-35 2.5000000000000004 38.500000000000007 1.5000000000000002 4.5000000000000009 1.0000000180025095e-35 1.0000000180025095e-35 4.5837340354919442 10.500000000000002 2.5000000000000004 28.500000000000004 1.0000000180025095e-35 1.5000000000000002 1.0000000180025095e-35 1.5000000000000002 3.5000000000000004 48.500000000000007 3.5000000000000004 4.732208490371705 0.13969751447439197 32.500000000000007 1.0000000180025095e-35 79.500000000000014 4.4681236743927011 57.500000000000007 4.0323760509490976 34.500000000000007 9.5000000000000018 4.1496205329895028 8.5000000000000018 27.500000000000004 0.04089996591210366 40.500000000000007 0.19526211917400363 38.500000000000007 27.500000000000004 0.031498016789555557 5.5000000000000009 4.0887913703918466 1.0000000180025095e-35 10.500000000000002 34.500000000000007 1.0000000180025095e-35 34.500000000000007 4.3517425060272226 4.2981843948364267 3.9691214561462407 4.2536034584045419 3.5219914913177495 7.5000000000000009 3.976706981658936 49.500000000000007 10.500000000000002 28.500000000000004 1.0000000180025095e-35 4.5000000000000009 4.0146086215972909 4.0018284320831308 1.0000000180025095e-35 1.0000000180025095e-35 24.500000000000004 22.500000000000004
decision_type=2 2 2 2 2 2 2 2 2 2 2 2 2 2 2 2 2 2 2 2 2 2 2 2 2 2 2 2 2 2 2 2 2 2 2 2 2 2 2 2 2 2 2 2 2 2 2 2 2 2 2 2 2 2 2 2 2 2 2 2 2 2
left_child=-1 2 3 13 5 20 -6 8 12 -10 -11 35 19 18 -13 16 -16 -9 39 23 30 25 47 27 -25 -22 -27 28 36 34 -5 56 -31 42 -30 -3 46 -38 -39 51 60 -42 43 -12 45 -45 48 -18 49 -8 -48 52 54 -54 -2 -56 57 58 -32 -50 61 -41
right_child=1 11 -4 4 6 -7 7 17 9 10 33 14 -14 -15 15 -17 22 -19 -20 -21 21 -23 -24 24 -26 26 -28 -29 29 32 31 -33 -34 -35 -36 -37 37 38 -40 40 41 -43 -44 44 -46 -47 50 -49 59 -51 -52 -53 53 -55 55 -57 -58 -59 -60 -61 -62 -63
leaf_value=0.38806890828038076 -0.030868864386008533 -0.009790945817404648 0.40223982234827499 -0.028002790641183606 0.40908769556111496 0.39348325044264748 0.027082011460127495 0.39665151778836349 0.40250284247349538 0.39528643230918409 0.27668034963065952 0.44084493219824317 0.32893024300784557 0.30591654377220695 0.25411435802100302 0.4303079276879575 0.038167611953499887 0.042975452386409589 0.13951401824559528 0.158028987753845 -0.0172965827778769 0.15138139390429736 0.12174155967270674 0.15498313712668835 -0.023062608498456007 -0.017444397429871663 0.090803213370782704 -0.030141331070748581 -0.025917502178120427 0.015450498470834552 -0.015541003755709194 0.059840892238236326 0.078590121851883243 0.024834374351790502 0.018914312389824637 0.043942749716825172 0.033201951053730763 -0.023957872096868255 0.025662963968767782 -0.022359810510656303 0.060170659355646743 -0.025660871225678807 -0.030298448026706688 -0.02966948763099166 0.12013932350384848 0.0061683811426529005 0.004257837957467015 0.0052860467582083641 -0.027237937565774185 -0.016060481892308836 -0.019469835217724173 -0.03067049536658974 0.40903188548667457 -0.030290500113072716 0.41368364712683342 -0.030249014111891039 -0.023299300442546994 0.024624732731583072 0.011976136655019325 0.0071279265909975076 -0.028959321525076791 0.01237564100997145
leaf_weight=350.5963454246521 1661.4956049919128 1.8829336110502475 22.892168238759041 164.53180734068155 2.9510780163109294 64.440789937973022 0.5672050416469564 2.2258722223341461 23.498615518212318 2.0957832969725123 0.56288903951644798 31.352788709104061 1.0019552744925011 0.78333957493305106 8.8777468558400887 19.245006527751684 2.8743788637220842 1.0414994135498998 1.4683668464422215 1.0678366571664799 3.4650695193558922 0.81485168822109688 1.5551260281354187 0.61844015121459905 2.9288959838449955 1.2884196955710652 1.9635272584855554 196.42088955081999 5.1831012442707998 4.1934435311704874 14.67066448368133 0.66216849535703559 0.92546258121728886 0.6302845124155273 1.4249399248510597 0.61469589546322811 0.88546738401055236 3.4438548795878887 0.60681401938199986 2.6165048461407485 1.6421542204916466 4.8926338404417038 98.902365304529667 96.741079844534397 0.59474632143974204 1.4519702978432167 2.4378319066017857 4.6883182171732187 121.77738241106272 1.081807618960738 56.750617653131485 2298.9342996999621 4.0393397063016883 195.43255447223783 4.794261008501052 2511.6424243152142 10.93840150348842 1.177098324522375 1.1196788940578688 0.60126509889960189 14.878212237730621 1.790859008207917
leaf_count=4928 58420 65 345 5770 57 928 19 45 354 43 15 509 23 23 217 311 51 34 44 31 117 26 41 20 100 42 62 6905 180 142 511 21 30 21 47 20 30 120 21 92 53 172 3469 3398 20 51 85 88 4260 38 1978 80818 73 6868 85 88262 381 41 39 21 523 61
internal_value=-0.000745542 -0.0185062 -0.0220902 -0.0234207 0.0232504 0.0796698 -0.00047837 -0.00304353 -0.00523868 0.0258886 -0.0199202 0.360877 -0.0226449 -0.0296723 0.373214 0.306237 0.157883 0.320404 -0.0297571 -0.0243398 -0.0225753 0.0500104 0.0483315 -0.0252198 0.0352339 0.0196899 0.0538995 -0.0258483 -0.0215004 0.00920717 -0.0256496 -0.0116082 0.037844 -0.0262513 -0.0150347 0.0122161 -0.0234529 -0.000442797 -0.0129151 -0.029815 -0.0185821 0.00103122 -0.0265375 -0.0225289 -0.0269894 -0.0290827 -0.024067 0.0207814 -0.0265844 0.0034006 -0.018438 -0.0298556 -0.0294208 -0.0193982 -0.0298946 -0.0292393 -0.0153152 -0.00915778 -0.0129927 -0.0270127 -0.0249511 -0.00856715
internal_weight=8046.68 7696.08 7624.99 7602.1 897.686 265.072 632.613 629.662 626.395 224.478 200.979 71.091 401.917 6704.41 68.5934 37.2406 17.9956 3.26737 6703.63 400.915 200.632 7.53187 9.11782 399.847 3.54734 6.71702 3.25195 396.3 199.879 11.7269 193.1 28.568 5.11891 198.883 6.60804 2.49763 188.152 4.93614 4.05067 6702.16 25.8204 6.53479 198.253 99.3507 98.7878 98.1931 183.216 7.5627 124.028 1.64901 59.1884 6676.34 4377.4 199.472 4177.93 2516.44 27.9058 16.9674 15.7903 122.379 19.2856 4.40736
internal_count=271564 266636 265334 264989 29495 7938 21557 21500 21421 7371 7017 1302 14050 235494 1217 708 397 79 235471 14027 7010 247 180 13996 120 221 104 13876 6971 399 6763 993 172 6974 227 85 6572 171 141 235427 901 225 6953 3484 3469 3449 6401 139 4338 57 2063 234526 153708 6941 146767 88347 972 591 550 4281 676 153
is_linear=0
shrinkage=0.03


Tree=2
num_leaves=63
num_cat=0
split_feature=17 7 15 2 1 2 1 3 2 2 2 2 14 15 2 2 6 16 14 2 2 5 2 2 2 2 14 14 0 2 2 2 2 1 3 9 15 15 15 1 13 0 0 19 2 2 0 0 1 15 2 6 6 0 0 15 6 2 0 6 19 11
split_gain=43434.3 5895.11 3893.12 1513.14 1237.09 770.798 697.532 568.177 921.851 2666.08 415.233 2287.16 479.817 364.168 325.979 355.343 211.325 178.598 114.874 112.777 1698.61 103.573 91.0487 74.7479 73.4743 966.485 73.2968 72.3434 61.9487 61.66 51.505 67.8799 79.1982 45.5141 40.2172 37.8252 24.6396 22.3545 21.1297 18.4579 15.4087 13.0073 13.0063 11.9565 16.7564 74.8984 7.98079 5.21977 3.85397 7.28354 3.47743 99.6739 3.67245 3.4216 3.40061 4.52201 3.22524 4.02777 3.12495 5.39336 3.0874 2.97017
threshold=1.0000000180025095e-35 1.0000000180025095e-35 4.5410358905792245 38.500000000000007 24.500000000000004 38.500000000000007 15.500000000000002 9.5000000000000018 1.0000000180025095e-35 4.5000000000000009 10.500000000000002 28.500000000000004 2.5000000000000004 4.732208490371705 5.5000000000000009 1.0000000180025095e-35 0.013423423748463394 1.0000000180025095e-35 1.5000000000000002 4.5000000000000009 1.0000000180025095e-35 1.0000000180025095e-35 10.500000000000002 28.500000000000004 10.500000000000002 28.500000000000004 2.5000000000000004 1.5000000000000002 62.500000000000007 7.5000000000000009 9.5000000000000018 34.500000000000007 10.500000000000002 23.500000000000004 73.500000000000014 1.0000000180025095e-35 4.2366964817047128 4.4681236743927011 4.5837340354919442 4.5000000000000009 1.5000000000000002 94.500000000000014 68.500000000000014 1.0000000180025095e-35 10.500000000000002 28.500000000000004 35.500000000000007 34.500000000000007 16.500000000000004 4.0178918838500985 34.500000000000007 0.13969751447439197 0.043717153370380409 66.500000000000014 32.500000000000007 4.0494573116302499 0.039344685152173049 5.5000000000000009 27.500000000000004 0.04089996591210366 1.0000000180025095e-35 1.0000000180025095e-35
decision_type=2 2 2 2 2 2 2 2 2 2 2 2 2 2 2 2 2 2 2 2 2 2 2 2 2 2 2 2 2 2 2 2 2 2 2 2 2 2 2 2 2 2 2 2 2 2 2 2 2 2 2 2 2 2 2 2 2 2 2 2 2 2
left_child=-1 5 3 4 6 13 19 8 58 -10 18 -12 -13 17 15 47 30 34 36 20 -3 -14 29 -18 27 -26 -27 37 38 -9 -16 32 40 -15 35 39 48 56 -4 -2 -32 -39 -25 -41 -45 -46 -38 -6 49 -11 51 -28 -52 -47 -51 -56 -21 -58 -8 -60 -50 -23
right_child=1 2 28 -5 14 -7 7 22 9 10 11 12 21 33 16 -17 23 -19 -20 24 -22 61 -24 42 25 26 50 -29 -30 -31 31 -33 -34 -35 -36 -37 46 41 -40 43 -42 -43 -44 44 45 53 -48 -49 60 54 52 -53 -54 -55 55 -57 57 -59 59 -61 -62 -63
leaf_value=0.27309437805539327 0.068506268606859336 -0.028710968151428162 0.07678212923533001 0.28135413784039959 0.011947155926894108 0.25732788532788609 -0.027047392157273996 0.16083022250230125 0.28104293089260896 -0.014897435155051491 0.29218124452299238 0.25145115019659475 0.19578821434391117 0.2765584327961223 -0.024611873023974714 0.28012373996753631 0.26894655809646284 0.25550385027218497 0.22486247957793312 -0.028469191199885703 0.26997263768051338 -0.017811931507744048 0.16531090627203732 -0.018105878502867424 0.27630178499691643 0.15347376725382528 0.20049721975396981 0.1775531230049652 0.29716093452057551 -0.030515053600199279 0.071322213580850849 -0.01627651940581594 0.22240808698777367 0.02702486014789857 0.12640506806406629 0.11767914897071668 -0.00090360173920740229 0.11317100245802117 0.21108022403980983 -0.02962112769219135 -0.021527062145477723 -0.014663842019623839 0.095997499716488105 -0.023384937301245926 0.19630507131938194 -0.026287683311880496 0.098579987420131729 0.062507264889427927 -0.019563399696556915 0.00093419235620851974 -0.029786064295184142 -0.029738910238624152 0.018000212941893669 0.024422262799712682 -0.0114784944051388 0.065288272717961324 0.034369153057827589 -0.016243505181365896 -0.016626419410716235 0.038938991160965428 0.024705269183840514 -0.030196955289260339
leaf_weight=489.31779344379902 0.81922729685902496 109.89377283677459 3.7212341930717221 20.741751223802567 3.9158113822340992 7.4722279757261267 53.971715480089188 0.56451131403446098 52.320119097828865 12.173748670145871 31.910797394812107 5.3313912227749816 0.9804918710142364 2.8900847397744651 8.641938624903565 23.793869515880942 4.8702881876379243 0.99076566845178504 0.87651170790195365 210.40935885906219 19.272920526564121 42.387481816112995 1.2816695943474758 1.4095877241343262 9.6690131798386556 1.1049830615520466 0.81355001404881733 0.5843411386013021 51.57421219162643 82.839777799323201 2.5183270052075368 5.1706521436572075 2.7668379321694374 1.0740791484713552 0.52548091858625312 0.61173047870397468 1.0297999158501618 0.67139362916350254 3.5689297616481781 6487.771296299994 2.3012585770338774 0.90141957812011242 0.65444923751056183 19.078564025461677 0.84643848240375419 5.6954628750681877 1.3205810729414222 3.8207765650004148 65.17674402333796 2.796779526397585 80.971945529803634 25.318569285795093 0.85423127375543018 0.63687170855700959 0.5911512449383739 1.5040614902973173 0.85078717954456706 5.1843022778630257 28.483057348057631 0.72937949560582538 0.63447468169033427 40.390182929113507
leaf_count=5013 27 3956 107 227 130 81 1942 9 558 429 356 59 14 46 299 272 62 22 15 7564 204 1475 14 49 109 12 13 10 591 2984 74 176 31 25 7 7 36 21 62 234331 83 31 13 682 13 201 39 117 2292 98 2907 901 28 19 21 52 27 177 1005 22 22 1418
internal_value=-0.000532109 -0.0182723 0.0482782 0.0338144 0.0281414 -0.0288112 0.0192067 0.0468513 0.0640139 0.0917941 0.042864 0.0784673 -0.000475968 -0.0291785 0.159032 0.224572 0.080928 -0.0293699 -0.00749522 -0.00616052 0.0175872 -0.0192892 -0.0225191 0.213501 -0.0152787 0.003705 -0.0227529 -0.0255596 0.283139 -0.0273298 0.030354 0.0666717 0.118518 0.228012 -0.0294524 -0.0294843 -0.012465 -0.0269122 0.160059 -0.0295162 0.0309074 0.0626828 0.0375959 -0.0295391 -0.0089188 0.0276855 0.0677322 0.0412133 -0.0155197 -0.00262853 -0.0259486 -0.0154457 -0.0290759 -0.0185524 0.0252493 0.0469182 -0.0278485 -0.00523728 -0.0226848 -0.0139961 -0.0187732 -0.0241433
internal_weight=8050.99 7561.68 1033.26 974.401 953.659 6528.41 893.795 427.294 342.608 259.424 207.104 121 89.0895 6520.94 59.8638 31.5305 28.3333 6516.98 86.1039 466.501 129.167 83.7582 84.686 6.93433 337.334 118.732 109.063 218.602 58.8644 83.4043 21.399 12.7571 7.58642 3.96416 6515.99 6515.46 85.2273 218.017 7.29016 6514.85 4.81959 1.57281 2.06404 6514.03 26.2573 7.17877 2.35038 7.73659 82.877 17.0657 107.958 26.1321 81.8262 6.33233 4.89199 2.09521 216.444 6.03509 83.1842 29.2124 65.8112 82.7777
internal_count=271587 266574 31113 30353 30126 235461 28820 12860 9853 6884 6326 3322 2966 235380 1306 519 787 235309 3004 15960 4160 2907 3007 124 11800 3970 3861 7830 760 2993 663 364 188 71 235287 235280 2989 7820 169 235273 157 52 62 235246 915 233 75 247 2914 600 3849 914 2935 220 171 73 7768 204 2969 1027 2314 2893
is_linear=0
shrinkage=0.03


Tree=3
num_leaves=63
num_cat=0
split_feature=17 4 4 2 2 2 7 2 14 2 2 14 16 2 6 15 5 2 15 0 7 7 1 0 6 5 15 3 15 0 15 15 2 1 2 15 15 6 0 11 0 2 2 5 15 2 2 15 15 15 1 15 15 6 1 15 2 2 15 15 15 2
split_gain=33426 6948.27 3194.71 1602.57 994.96 4504.1 510.262 400.723 2416.82 492.053 284.467 240.007 148.152 116.29 87.5078 97.1409 73.1271 45.5242 43.8286 40.4676 18.6421 74.1365 11.6561 9.63906 25.7522 7.7931 11.7558 7.26533 17.9603 9.86611 5.22982 4.93857 4.41496 3.63181 2.67653 2.82901 2.54407 2.36467 2.361 2.07272 1.93381 27.5129 879.356 1.90823 2.62727 1.88571 1038.58 1.68798 1.52188 1.49917 1.44634 2.11449 1.35643 1.32126 1.25768 4.35396 2.75826 1.1872 1.22141 1.05769 3.16635 0.987416
threshold=1.0000000180025095e-35 2.5000000000000004 1.5000000000000002 38.500000000000007 4.5000000000000009 1.0000000180025095e-35 1.0000000180025095e-35 10.500000000000002 2.5000000000000004 28.500000000000004 41.500000000000007 1.5000000000000002 1.0000000180025095e-35 1.0000000180025095e-35 0.049793388694524772 4.3825974464416513 1.0000000180025095e-35 7.5000000000000009 4.732208490371705 33.500000000000007 1.5000000000000002 2.5000000000000004 4.5000000000000009 27.500000000000004 0.036811200901865966 1.0000000180025095e-35 4.0323760509490976 9.5000000000000018 4.1358499526977548 43.500000000000007 4.5837340354919442 4.2366964817047128 5.5000000000000009 15.500000000000002 8.5000000000000018 4.1530985832214364 4.1998050212860116 0.039344685152173049 35.500000000000007 1.0000000180025095e-35 49.500000000000007 10.500000000000002 28.500000000000004 1.0000000180025095e-35 4.1104674339294442 1.0000000180025095e-35 4.5000000000000009 4.4590184688568124 3.9500679969787602 3.7532835006713872 27.500000000000004 4.3544929027557382 3.4549045562744145 0.10916730388998987 16.500000000000004 4.0178918838500985 6.5000000000000009 7.5000000000000009 3.7842639684677128 4.0146086215972909 4.0018284320831308 34.500000000000007
decision_type=2 2 2 2 2 2 2 2 2 2 2 2 2 2 2 2 2 2 2 2 2 2 2 2 2 2 2 2 2 2 2 2 2 2 2 2 2 2 2 2 2 2 2 2 2 2 2 2 2 2 2 2 2 2 2 2 2 2 2 2 2 2
left_child=-1 2 10 4 5 19 -6 11 -9 -10 12 14 18 49 27 32 -11 -17 22 23 -15 -22 -2 -4 43 26 -21 28 33 31 50 34 -16 37 -30 -36 -37 52 -33 54 41 45 -43 59 -45 -24 -47 -29 -39 -3 61 -52 -8 -34 55 -35 -57 58 -56 60 -25 -18
right_child=1 13 3 -5 6 -7 7 8 9 16 -12 -13 -14 20 15 17 30 -19 -20 25 21 -23 40 24 -26 -27 -28 47 29 -31 -32 38 53 39 35 36 -38 48 -40 -41 -42 42 -44 44 -46 46 -48 -49 -50 -51 51 -53 -54 -55 57 56 -58 -59 -60 -61 -62 -63
leaf_value=0.21506473643319998 0.046892510637175346 0.026968299781416256 -0.027794416772567013 0.21967349857661109 0.29487530177840487 0.21692387970468188 0.0073215838131340302 0.22741964947782217 0.25786348379646445 0.17955477117656188 0.18866421988049331 0.25358046712682342 0.22045605617236358 0.2367892560638048 0.0387422347503069 0.2762322318325473 -0.022511136078083901 0.014767512729860401 0.093733556685175232 -0.02125309557412855 0.14595540174216262 0.22930055736374971 -0.030775867993542289 -0.015952745125480304 0.10092294753933422 0.10971010596334575 0.059740569201864123 -0.030365860689243556 -0.021180183340563912 0.073452701499058803 0.021351787112947943 -0.0014320450127843806 -0.024009826942193616 -0.018678661299582223 0.033196681332513855 -0.021869394525759197 0.024052961627038325 -0.013998356083296646 0.051730302466197427 0.014802313343000228 -0.030604880885913597 0.30982135012972312 -0.030366397186300388 -0.012147725566616481 0.032426580012660175 0.3083809327821177 -0.030274117021909783 -0.0093033904496109578 0.026696556265769205 -0.0096832583747271193 -0.018685260381705652 0.025267470679057168 -0.028441154181591821 0.005591164261026722 0.01008132328491617 -0.015652976031093641 0.030349039354179676 -0.023797209378293074 -0.015233813541831235 -0.025439816939767171 0.02295320042745369 -0.029378315595439262
leaf_weight=597.53464017063379 0.93810137361287971 0.57069824263453428 155.93765246868134 37.126363784074783 4.2282043248414984 111.06175860017538 0.59332374297082324 43.462060786783695 4.6798039749264708 0.56897412613034148 4.3980575501918784 1.8400993570685376 1.1461857222020615 56.998504228889942 0.73446985334157844 1.2442143969237807 45.719575995579362 0.97999228909611691 1.647712469100951 2.1837239172309628 28.891039406880736 28.03140851855278 1578.0010646432638 15.129059074446571 0.82611551322042842 0.71163352206349362 2.6434299685060978 185.22316925600171 5.2648183312267047 1.0193897001445282 1.3014635443687428 1.0659213438630097 3.4892897028476 11.366741469129918 1.3538046367466448 2.4110703766345982 0.65352649986743916 0.82921928167343029 1.1864473745226858 0.98815979994833369 2180.8575880527496 6.1019010841846457 185.5306972451508 2.2467381618916984 0.9083971120417117 7.1855902485549441 2382.6935537289828 4.5932826548814765 0.57796182297170162 1.8672794476151464 1.5334641598165029 0.61630457080900658 98.562418619170785 1.4831130709499118 1.2186615783721233 1.0260932799428695 2.442657770588994 41.48766877502203 16.293630111962557 10.181214449927209 1.2444730401039112 141.44138974696398
leaf_count=4985 29 20 5766 322 56 939 21 387 54 10 39 26 20 523 23 22 1673 29 38 71 462 254 58738 542 24 19 75 6885 187 31 32 37 125 411 47 82 22 30 35 34 81146 80 6898 79 31 92 88593 161 20 64 56 19 3637 45 44 36 85 1501 579 366 43 5230
internal_value=-0.000616018 -0.0179728 -0.0216415 0.0289949 0.0211932 0.0657773 -0.000274752 -0.0027305 0.0277298 -0.017512 -0.029395 -0.0215452 -0.0295759 0.211042 -0.0235082 0.0696957 -0.0255594 0.201341 -0.0296559 -0.0223183 0.215392 0.190249 -0.0297027 -0.0247794 -0.00898953 0.0516579 0.025741 -0.0256416 -0.0212069 0.0121175 -0.0271056 0.00160563 -0.00398194 -0.0237232 -0.00836614 0.00799362 -0.00856809 -0.0276034 0.0338667 -0.0182129 -0.0297214 -0.029251 -0.0179821 -0.0152326 0.0054011 -0.0297905 -0.0291273 -0.0299076 0.00686283 0.00424507 -0.0275491 -0.00206317 -0.0281562 -0.0157229 -0.0188466 -0.00999193 0.0162835 -0.0208695 -0.0130227 -0.0177912 -0.0118447 -0.0278294
internal_weight=8034.07 7436.54 7320.18 971.681 934.555 303.074 631.48 627.252 239.323 195.861 6348.5 387.929 6344.1 116.359 386.089 7.93108 191.181 2.22421 6342.96 192.012 113.921 56.9224 6341.31 186.474 30.536 5.53879 4.82715 378.158 188.342 12.955 190.612 11.9356 5.70687 175.387 9.68322 4.4184 3.0646 100.563 2.25237 74.8236 6340.37 4159.51 191.633 29.7099 3.15514 3967.88 2389.88 189.816 1.40718 2.43798 189.311 2.14977 99.1557 4.9724 73.8355 14.8355 3.46875 59 17.5123 26.5547 16.3735 187.161
internal_count=271930 266945 265622 29949 29627 7955 21672 21616 7461 7074 235673 14155 235634 1323 14129 244 7020 51 235614 7016 1239 716 235576 6851 1085 165 146 13885 6839 441 7010 410 193 6398 338 151 104 3708 72 2690 235547 154401 6978 1061 110 147423 88685 7046 50 84 6978 75 3658 170 2656 532 121 2124 623 951 585 6903
is_linear=0
shrinkage=0.03


Tree=4
num_leaves=63
num_cat=0
split_feature=17 4 4 2 2 2 2 2 14 2 14 16 6 5 2 15 15 0 7 0 15 2 2 2 2 0 0 6 15 7 7 15 5 11 2 15 6 6 15 15 3 0 0 2 2 2 2 0 6 0 0 15 15 15 15 15 15 15 15 0 15 15
split_gain=27426.7 5808.19 2949.75 1259.02 876.47 3521.73 424.655 1985.56 465.313 272.271 224.006 109.853 102.341 82.1573 70.8396 47.9143 44.9518 36.053 35.2196 24.1149 20.3732 15.2554 106.94 15.6743 12.0026 30.5717 10.4452 23.4094 9.83297 6.30589 63.1028 5.71129 3.8344 2.85813 122.783 37.9188 2.79492 3.17584 2.94635 2.59619 2.5691 4.39151 2.28899 26.6495 683.322 2.54283 844.032 2.08193 4.24671 2.4785 2.01302 2.39224 1.44259 2.83321 1.35031 2.24914 1.03941 3.70153 0.979104 0.943639 0.925304 0.614501
threshold=1.0000000180025095e-35 1.5000000000000002 2.5000000000000004 38.500000000000007 4.5000000000000009 1.0000000180025095e-35 10.500000000000002 28.500000000000004 2.5000000000000004 41.500000000000007 1.5000000000000002 1.0000000180025095e-35 0.13969751447439197 1.0000000180025095e-35 1.0000000180025095e-35 4.732208490371705 4.500451087951661 34.500000000000007 1.0000000180025095e-35 92.500000000000014 4.732208490371705 4.5000000000000009 8.5000000000000018 7.5000000000000009 7.5000000000000009 38.500000000000007 27.500000000000004 0.035504203289747245 4.0323760509490976 1.5000000000000002 2.5000000000000004 4.1358499526977548 1.0000000180025095e-35 1.0000000180025095e-35 34.500000000000007 4.3517425060272226 0.046620300039649017 0.057771774008870132 3.5375989675521855 4.2981843948364267 9.5000000000000018 44.500000000000007 49.500000000000007 10.500000000000002 28.500000000000004 1.0000000180025095e-35 4.5000000000000009 31.500000000000004 0.038218110799789436 34.500000000000007 31.500000000000004 3.9093710184097294 3.9706150293350224 4.0828311443328866 4.0666460990905771 3.976706981658936 4.0146086215972909 4.0018284320831308 4.5837340354919442 35.500000000000007 4.3171758651733407 3.9228594303131108
decision_type=2 2 2 2 2 2 2 2 2 2 2 2 2 2 2 2 2 2 2 2 2 2 2 2 2 2 2 2 2 2 2 2 2 2 2 2 2 2 2 2 2 2 2 2 2 2 2 2 2 2 2 2 2 2 2 2 2 2 2 2 2 2
left_child=-1 9 3 4 5 17 10 -8 -9 11 12 15 16 -10 -4 42 18 26 -6 -18 33 -16 23 -23 25 36 -3 32 -19 -24 -31 -27 56 34 -15 39 38 -38 -20 -36 41 47 43 45 -45 -2 -47 -26 -49 -50 51 -34 59 54 55 -54 57 61 -46 -40 -41 -28
right_child=1 2 14 -5 6 -7 7 8 13 -11 -12 -13 -14 20 21 -17 19 28 24 -21 -22 22 29 -25 40 31 27 -29 -30 30 -32 -33 50 -35 35 -37 37 -39 52 60 -42 -43 -44 44 58 46 -48 48 49 -51 -52 -53 53 -55 -56 -57 -58 -59 -60 -61 -62 -63
leaf_value=0.17928492159139095 -0.030767283936330207 -0.027905405083355855 0.012310894019921673 0.18278079939206562 0.11484306627723365 0.18064436718145088 0.19713249941145347 0.18759443311795243 0.17271502336044384 0.16625455734566344 0.22009908044809728 0.18024432433944571 0.15539812907248585 0.22868894614706142 0.22720580481492028 0.094045531400583984 0.15700473275486326 -0.0060464309523895494 0.022610957143124777 -0.014984826952619205 0.08468654333306902 0.083966138200151405 0.19213711167654771 -0.0042174513596692073 -0.029377594998558406 0.017388950452608385 -0.021551499878673969 0.092949590301692295 0.082377525751560807 0.10484123919474597 0.18563545506030427 0.11097010817889827 0.027176374117161985 -0.030519130526876055 -0.029509053677998817 0.12024899885036852 0.041697489615513242 -0.015643225325370907 -0.024701087271309815 0.020611284637150389 -0.030662365709384014 0.018593056508951666 -0.030571372148133033 0.24135611500721083 -0.030490229676435835 0.24119974478867878 -0.030114048478506003 -0.021812588287490789 0.043581555368805147 -0.012332577644486656 0.03852066503082785 -0.019490385298109206 0.027567432730954775 -0.026761860964257603 0.017234952286061662 -0.011454214117516823 -0.025603018341302231 0.02681343028006938 -0.00030643916769017819 0.0046809554953673492 -0.011612889985061181 -0.0079500699813646117
leaf_weight=694.74433135986328 1530.07376261428 152.89547061175108 2.4906004406511775 43.508375659584999 0.64184577763080497 128.27308875322342 49.597565121948719 8.8555766567587835 0.91077209636568923 5.4240648150444022 2.447031468152999 1.2665047645568837 1.8873261287808407 0.73435458540916343 15.304785668849943 1.8781879134476174 0.91164439916610607 1.4437099006026972 0.69834225252270599 0.93270221725106239 0.54846856743097205 2.6267205886542788 61.750581040978432 3.4483843483030796 61.255693554878235 1.4999333359301084 8.7477140910923605 0.94260711409151454 2.7064753472805023 19.84242045134306 29.267644740641117 0.90737425535917271 0.5651864781975745 94.100274726748466 89.995041381567717 0.59310127049684425 0.66425300762057204 1.0228597559034822 33.318126276135445 0.76513739302754291 183.68952853791416 1.4391230046749104 2113.9431112520397 7.7385749444365493 179.06688122823834 9.3771941065788251 2311.1844276227057 68.655338112264872 0.6231657750904549 0.66165418550372124 0.73984177969396103 1.7094696238636968 0.55488040670752781 6.5232751276344052 1.5113611984997977 9.8628038950264436 10.541998239234088 1.094004364684223 0.99295925721526046 0.71218400448560615 0.6030171625316143 6.8895830065011969
leaf_count=4992 58634 5804 86 323 7 932 391 72 12 42 28 18 33 14 141 40 15 46 24 29 5 46 475 84 2321 48 318 25 69 259 222 25 20 3550 3416 18 21 35 1251 28 7019 46 80964 79 6851 94 88425 2514 22 22 23 61 20 240 53 362 383 37 38 26 22 250
internal_value=-0.000674178 -0.0178635 0.0448913 0.0268323 0.0194563 0.0600652 -0.00110452 0.0294822 -0.0134857 -0.0292967 -0.0209653 -0.029496 -0.0231027 -0.0238861 0.176038 -0.0295684 -0.0244082 -0.0226062 -0.0252508 0.0953386 -0.0257538 0.179006 0.170825 0.0403896 -0.0257974 -0.0128358 -0.0246825 -0.0085277 0.0564163 0.177548 0.155735 0.0748781 -0.0145557 -0.0265273 -0.0221923 -0.0266345 -0.0179556 0.014049 -0.0192114 -0.0288796 -0.0280965 -0.0243401 -0.0296214 -0.0291167 -0.0179121 -0.0296584 -0.0289143 -0.0249481 -0.0207092 0.0219919 0.0141356 -0.00313697 -0.0201803 -0.012318 -0.00296059 -0.00714338 -0.0181147 -0.0122187 -0.0303264 -0.0239701 0.00750208 -0.0163969
internal_weight=7977.6 7282.86 1121.91 987.181 943.673 316.549 627.124 246.703 197.106 6160.95 380.42 6155.52 377.973 188.25 134.731 6154.26 376.086 188.276 374.242 1.84435 187.339 132.241 116.936 6.0751 373.6 57.2754 184.126 31.2304 4.15019 110.861 49.1101 2.40731 30.2878 186.791 92.6907 91.9563 54.8681 1.68711 53.181 91.3632 316.325 132.635 6152.38 4038.43 187.798 3850.64 2320.56 131.196 69.9402 1.28482 3.0145 2.27466 52.4826 18.4523 11.929 10.4177 27.2733 16.7313 180.06 34.0303 1.36815 15.6373
internal_count=271470 266478 31293 29980 29657 7968 21689 7528 7137 235185 14161 235143 14133 7065 1313 235125 14100 7036 14056 44 7053 1227 1086 130 14049 2105 6921 1117 115 956 481 73 1092 7048 3498 3484 2032 56 1976 3466 11944 4925 235085 154121 6968 147153 88519 4879 2558 44 104 81 1952 675 435 382 988 605 6889 1277 50 568
is_linear=0
shrinkage=0.03


Tree=5
num_leaves=63
num_cat=0
split_feature=17 4 4 2 2 2 2 2 14 2 14 16 15 5 15 1 2 3 6 7 2 5 1 15 1 1 6 2 15 1 3 15 2 2 2 6 1 15 2 15 1 5 5 15 1 1 15 2 2 15 15 6 2 2 5 15 6 15 15 1 1 15
split_gain=23349.2 5580.92 2322.78 1008.65 776.766 2851.17 406.775 1605.98 432.327 230.662 192.482 141.005 112.051 96.2174 46.5448 43.1412 39.8533 37.1572 34.9334 33.4545 18.4491 15.4787 11.7419 9.73811 10.0232 8.73387 17.6399 8.39533 20.831 5.71887 4.96601 17.1493 4.59974 74.5306 19.4434 3.87286 6.57511 3.49991 4.03689 3.23493 3.03908 2.61541 2.31574 3.56129 2.25951 4.2786 5.65372 1.99812 681.857 1.88575 2.1594 1.74242 1.47162 744.186 1.08104 1.55513 0.961329 0.936406 1.85397 3.26729 2.05535 0.877733
threshold=1.0000000180025095e-35 1.5000000000000002 2.5000000000000004 38.500000000000007 4.5000000000000009 1.0000000180025095e-35 10.500000000000002 28.500000000000004 2.5000000000000004 41.500000000000007 1.5000000000000002 1.0000000180025095e-35 4.500451087951661 1.0000000180025095e-35 4.732208490371705 24.500000000000004 1.0000000180025095e-35 3.5000000000000004 0.14976635575294497 1.0000000180025095e-35 7.5000000000000009 1.0000000180025095e-35 4.5000000000000009 4.0323760509490976 26.500000000000004 19.500000000000004 0.04089996591210366 7.5000000000000009 4.2815024852752694 20.500000000000004 9.5000000000000018 4.1496205329895028 4.5000000000000009 8.5000000000000018 7.5000000000000009 0.16302800178527835 13.500000000000002 4.2366964817047128 8.5000000000000018 3.5219914913177495 19.500000000000004 1.0000000180025095e-35 2.5000000000000004 4.2981843948364267 15.500000000000002 16.500000000000004 4.0494573116302499 1.0000000180025095e-35 4.5000000000000009 4.1660513877868661 4.1925928592681894 0.046620300039649017 10.500000000000002 28.500000000000004 1.0000000180025095e-35 3.9093710184097294 0.06138147599995137 3.9706150293350224 4.0211620330810556 16.500000000000004 15.500000000000002 3.9923505783081059
decision_type=2 2 2 2 2 2 2 2 2 2 2 2 2 2 2 2 2 2 2 2 2 2 2 2 2 2 2 2 2 2 2 2 2 2 2 2 2 2 2 2 2 2 2 2 2 2 2 2 2 2 2 2 2 2 2 2 2 2 2 2 2 2
left_child=-1 9 3 4 5 15 10 -8 -9 11 12 14 18 -10 22 25 29 35 19 -6 -14 23 -2 -17 -25 -3 54 28 39 -4 31 44 -18 34 -34 42 -37 38 -33 -21 51 -42 -15 -44 -29 46 -46 -24 -49 -40 -51 57 -50 -54 -27 -56 -53 -41 59 60 61 -59
right_child=1 2 16 -5 6 -7 7 8 13 -11 -12 -13 20 17 -16 21 32 -19 -20 27 -22 -23 47 24 -26 26 -28 30 -30 -31 -32 37 33 -35 -36 36 -38 -39 49 40 41 -43 43 -45 45 -47 -48 48 52 50 -52 56 53 -55 55 -57 -58 58 -60 -61 -62 -63
leaf_value=0.15480054572216198 0.047628258880374467 -0.028373345340106635 -0.0095100338936779261 0.15756748245403754 0.10939917399683846 0.15584834281203311 0.16743632334504546 0.16277263808467685 0.1760442681502988 0.14605947534813349 0.1893668555692947 0.1860058458512184 0.19205860940136166 -0.028062291909594427 0.090845585140968105 -0.016857564374929669 0.18757082819322943 0.12084386503381341 0.10054911899203586 0.028108675499548 0.029910071189605928 0.11567051703516761 -0.030740568694704665 -0.016749245419992263 0.073248103141996077 -0.017254817342444325 0.079344149015762616 -0.029072173788126088 0.087729756303693271 0.064014827372711969 -0.030632073428400502 -0.021517774471465887 0.085296956813359553 0.15288791484088349 -0.010656135320300224 -0.021696531242622684 0.048180594144721679 0.046662340818043109 0.039323286939771544 -0.025285054920065445 -0.0087851020068924184 0.028807489384991444 -0.018815075900629426 0.028372173248898087 -0.012655772660800308 -0.02389420165577421 0.036425045730638643 0.19800797906803741 -0.030280613702482979 -0.018025680141042926 0.022979639541797655 0.021225087994208882 0.21514065679814509 -0.030600991598478209 0.025580866437818157 -0.010918195717040205 -0.011705222926876995 -0.014435334863222918 -0.021230687674670231 -0.020906530242954333 0.047225063965766256 0.014036431123660169
leaf_weight=783.40983295440674 0.91977319866418739 146.96014654636383 1.8466988280415528 49.022505164146423 0.70238981395959754 144.26329420506954 57.115720525383949 10.941436082124708 1.165244337171315 5.7773256301879874 2.9124680235981932 1.7521253824233998 1.4081091955304139 173.2556906491518 1.9507747776806343 3.3289038874208909 19.198353655636311 0.57615736499428649 1.0529942102730263 0.53990884497761626 1.4491046424955127 1.0494230836629865 1488.5900552384555 1.177747452631593 2.4542841017246246 23.327944818884141 0.90927881747484107 68.360534427687526 0.77531957626342674 0.58890151977539051 177.98774270154536 2.2999322898685914 2.8300576433539382 123.25862385332584 3.3844928778707981 2.3753166496753688 0.89819701202213753 1.7148134708404539 1.5747544467449186 31.646617410704494 8.5333370510488731 1.0237627625465382 4.0696706771850577 1.0387841649353502 8.9402015004307014 42.292788583785295 1.6858373284339894 10.873763643205164 2986.389649534598 1.3961823396384718 1.2420463394373653 0.74184870719909557 10.187756832689045 1493.2394030112773 0.60912867262959425 2.0497051347047091 0.60890436545014381 0.87963144108653013 8.4408729095011932 2.099168224260211 0.54772702977061261 1.0244001969695089
leaf_count=5019 28 5728 65 323 7 933 394 78 14 40 28 22 17 6725 38 114 149 7 20 18 34 25 58733 39 59 867 22 2659 22 18 7002 84 44 946 83 91 25 51 53 1217 303 35 159 38 334 1592 57 91 117614 48 41 23 92 58863 21 74 21 33 314 77 20 39
internal_value=-0.000574849 -0.01762 0.042908 0.026242 0.0193027 0.0567393 -0.000344303 0.0290637 -0.0122565 -0.0292228 -0.0202523 -0.0294161 -0.0224143 -0.0235259 -0.0295101 -0.0223 0.152135 -0.025756 -0.0240481 -0.0246812 0.138896 0.0422433 -0.0295645 0.0180342 0.0467493 -0.0254983 -0.00933532 -0.0252384 -0.0142514 0.0217258 -0.0272173 -0.0223254 0.154112 0.147752 0.0388064 -0.0268802 0.00426431 0.0179078 0.00513372 -0.0171733 -0.0181027 -0.00241087 -0.0274724 -0.00614583 -0.025179 -0.019704 -0.00240574 -0.0295843 -0.0291951 0.0210199 0.00228919 -0.0212429 -0.0297893 -0.0287939 -0.0152633 0.00214976 0.00771596 -0.0222691 -0.0136405 0.001726 0.0215466 0.000441539
internal_weight=7932.67 7149.26 1149.58 998.47 949.447 326.13 623.318 251.436 194.32 5999.68 371.881 5993.9 368.969 183.379 5992.15 181.867 151.107 182.214 366.112 365.059 2.85721 8.01036 5990.2 6.96094 3.63203 173.856 26.8961 364.356 56.8615 2.4356 307.495 129.507 148.672 129.473 6.21455 181.638 3.27351 8.22773 6.51292 56.0862 55.5463 9.5571 178.364 5.10845 121.279 52.9188 10.626 5989.28 4500.69 4.21298 2.63823 45.9892 4489.82 1503.43 25.9868 2.65883 1.35075 44.6384 12.9918 4.55093 2.45176 1.90403
internal_count=271730 266711 31190 29885 29562 7882 21680 7531 7137 235521 14149 235481 14121 7059 235459 6949 1305 7045 14070 14050 51 237 235421 212 98 6712 984 14043 2122 83 11921 4919 1222 1073 127 7038 116 277 226 2100 2082 338 6922 197 4642 1983 391 235393 176660 142 89 1744 176569 58955 962 95 44 1700 483 169 92 72
is_linear=0
shrinkage=0.03


Tree=6
num_leaves=63
num_cat=0
split_feature=17 4 4 2 2 2 2 2 14 2 14 16 15 5 15 0 2 3 7 1 1 5 2 15 2 15 0 3 15 0 15 0 2 15 19 2 2 4 7 15 0 2 14 2 2 5 15 15 0 15 1 0 0 1 15 15 0 11 2 15 0 2
split_gain=20162.1 5196.35 1880.65 819.701 681.45 2375.1 372.68 1339.39 383.832 186.515 161.732 114.512 103.529 88.2092 48.8223 36.6709 28.7529 27.6789 25.4751 23.7485 16.3526 14.7871 14.6178 77.8032 14.3348 9.97118 9.32053 6.07447 18.8235 5.97822 5.75533 5.19853 4.85251 3.30043 3.12607 3.65542 27.0609 2.94731 80.324 2.4998 1.96704 39.3948 395.917 2.53087 573.25 1.92592 2.10318 5.88488 2.62504 1.79516 1.63344 1.61239 2.83617 2.64856 1.52293 2.85672 1.55323 1.43076 68.922 30.0589 1.36174 2.58658
threshold=1.0000000180025095e-35 1.5000000000000002 2.5000000000000004 38.500000000000007 4.5000000000000009 1.0000000180025095e-35 10.500000000000002 28.500000000000004 2.5000000000000004 41.500000000000007 1.5000000000000002 1.0000000180025095e-35 4.500451087951661 1.0000000180025095e-35 4.732208490371705 32.500000000000007 1.0000000180025095e-35 7.5000000000000009 1.0000000180025095e-35 24.500000000000004 4.5000000000000009 1.0000000180025095e-35 7.5000000000000009 4.3825974464416513 7.5000000000000009 4.1460111141204843 37.500000000000007 9.5000000000000018 4.1299204826354989 27.500000000000004 4.2366964817047128 27.500000000000004 8.5000000000000018 3.5219914913177495 1.0000000180025095e-35 10.500000000000002 28.500000000000004 3.5000000000000004 1.5000000000000002 4.5837340354919442 47.500000000000007 10.500000000000002 3.5000000000000004 1.0000000180025095e-35 4.5000000000000009 1.0000000180025095e-35 4.0146086215972909 3.9228594303131108 29.500000000000004 3.9321475028991704 25.500000000000004 40.500000000000007 35.500000000000007 14.500000000000002 3.9706150293350224 4.0828311443328866 33.500000000000007 1.0000000180025095e-35 34.500000000000007 4.3663725852966317 24.500000000000004 1.0000000180025095e-35
decision_type=2 2 2 2 2 2 2 2 2 2 2 2 2 2 2 2 2 2 2 2 2 2 2 2 2 2 2 2 2 2 2 2 2 2 2 2 2 2 2 2 2 2 2 2 2 2 2 2 2 2 2 2 2 2 2 2 2 2 2 2 2 2
left_child=-1 9 3 4 5 15 10 -8 -9 11 12 14 18 -10 20 29 31 39 -6 -16 -2 25 23 26 -14 -17 33 28 49 -3 32 -4 -30 -20 40 60 -37 38 -18 57 41 43 -43 -22 -45 46 47 -31 -49 -24 -28 52 53 -34 -35 56 -56 58 -15 -60 61 -36
right_child=1 2 16 -5 6 -7 7 8 13 -11 -12 -13 24 17 19 21 37 -19 22 -21 34 -23 27 -25 -26 -27 50 -29 30 45 -32 -33 51 54 35 36 -38 -39 -40 -41 -42 42 -44 44 -46 -47 -48 48 -50 -51 -52 -53 -54 -55 55 -57 -58 -59 59 -61 -62 -63
leaf_value=0.13691085727875613 0.058100394382757957 -0.027657311168481868 -0.0091029951901020183 0.13906041294449817 0.095243904596284359 0.13773480942939373 0.14748108041534053 0.14327126468890836 0.16019721670790982 0.1294241738799731 0.16474382223918377 0.15597998174647529 0.17249732058668327 0.16995435646894694 0.14319879791472415 -0.0080326884921580639 0.14536556859531774 0.10061029683948569 0.026465238876476616 -0.016244003718938381 -0.03071403931344574 0.10441882271324539 -0.028543704447496449 0.18369963654837698 0.029295868472003272 0.062186192218162795 0.045081262578482141 -0.030603509373493449 -0.023215069558969025 -0.023818008039179828 0.052413186321992884 0.060645459040475642 -0.012300538519454158 -0.023905319375435208 -0.017086890622385151 0.10806173940457016 -0.026039105960625843 0.14760821636158328 0.080715873707108754 0.0096416862251605222 -0.03045017170030772 0.16934752072453749 -0.029799013800509751 0.16788916596398917 -0.030038082966427283 0.009613020204116085 -0.024949373509979771 -0.0035271467942474062 0.029142653197309781 -0.019793995901744035 0.0035837011492879994 0.040664837377080036 -0.01318310346112116 0.041822384111775197 -0.0079481259703285002 -0.026641127891526274 0.015900504360293752 -0.030443557338514449 -0.029065757829686973 0.10683391423586316 -0.028572622888936024 0.028650505784228248
leaf_weight=851.39242172241211 1.0301717221736897 142.93490054830909 1.7946024425327771 52.399824216961861 0.65441805124282737 156.01613944768906 61.891170278191566 12.328672371804712 1.3382142186164845 5.6991298198699942 3.2325440794229499 2.0238046646118155 1.6305022202432149 0.64302301406860252 1.2365242205560201 5.5632440857589227 60.960829220712185 0.58715035766363044 0.5837277676910152 1.0525878220796583 1436.2503645326942 1.2176210619509218 65.763738844543695 0.81530243530869384 1.4713591411709783 1.5793019309639929 1.3768491260707372 173.23577657155693 3.0262213889509422 7.6619138680398517 1.8860788866877545 0.64694049954414357 0.66206694394350085 33.857087584212422 3.4340667445212669 0.71373260766267677 5.4637467879801989 69.99512879550457 30.728113446384668 1.2137947157025326 2186.1939068678766 8.9695246536284667 90.21939524076879 12.275648504495619 2063.8813901171088 2.7239069510251275 9.2940319608896953 4.5171180479228497 3.0126295797526836 50.757655052468181 1.6261836662888525 1.1056111752986906 2.4373907465487719 1.4864075798541305 9.513488460332157 6.3403964806348077 2.2255739197134963 87.461044978350401 86.364630158990622 0.53026101738214393 12.916716961190103 0.51607470959424961
leaf_count=4980 30 5723 64 314 6 920 387 79 14 36 27 22 17 10 20 177 377 6 19 21 58349 26 2601 12 33 38 42 7015 111 289 54 19 24 1321 136 7 215 437 392 28 88695 67 3649 89 83621 96 349 165 109 1960 49 33 87 50 353 240 81 3497 3456 15 520 14
internal_value=-0.000847425 -0.0176223 0.0401378 0.024665 0.0182195 0.05262 -0.000515484 0.0274347 -0.0121402 -0.0291863 -0.0199318 -0.0293636 -0.0220391 -0.0236357 -0.0294548 -0.0221246 0.13397 -0.0259204 -0.0236982 0.0872349 -0.0295156 0.0362427 -0.024182 -0.00992618 0.128272 0.0132239 -0.0159691 -0.0268142 -0.0214519 -0.0251876 0.0156545 0.0216299 0.00312657 -0.019043 -0.0295411 -0.0171802 0.00235162 0.135523 0.124804 -0.0269073 -0.0295873 -0.0290566 -0.0102799 -0.0295838 -0.0287875 -0.0116933 -0.0143477 -0.00672139 0.0114281 -0.0249331 0.0291186 0.0185089 0.00684365 0.0265345 -0.0200448 -0.0119412 -0.00253349 -0.0272142 -0.0236802 -0.0270304 -0.024065 -0.00653074
internal_weight=7850.36 6998.97 1167.09 1002.97 950.567 334.521 616.046 252.358 190.467 5831.88 363.688 5826.18 360.456 178.138 5824.15 178.505 164.126 176.8 357.354 2.28911 5821.86 8.36017 356.7 56.3386 3.10186 7.14255 55.5233 300.361 127.125 170.145 10.6038 2.44154 8.7177 52.5203 5820.83 23.0443 6.17748 161.684 91.6889 176.213 5797.79 3611.6 99.1889 3512.41 2076.16 27.2096 24.4857 15.1917 7.52975 116.521 3.00303 5.69148 4.58587 2.14847 51.9365 18.0795 11.7391 174.999 87.5379 86.8949 16.8669 3.95014
internal_count=271593 266613 31122 29833 29519 7892 21627 7492 7105 235491 14135 235455 14108 7026 235433 6972 1289 7012 14058 41 235392 241 14052 2117 50 215 2105 11935 4920 6731 359 83 305 2014 235362 892 222 1206 769 7006 234470 145775 3716 142059 83710 1008 912 563 274 4561 91 194 161 74 1995 674 434 6978 3481 3471 670 150
is_linear=0
shrinkage=0.03


Tree=7
num_leaves=63
num_cat=0
split_feature=17 4 4 2 2 2 2 2 14 2 14 6 16 5 15 15 0 3 2 2 1 7 1 5 15 1 1 3 0 6 2 15 7 1 2 1 0 2 3 15 1 1 6 6 2 2 2 2 15 5 2 0 15 0 19 2 2 1 1 0 2 2
split_gain=17780.4 4994.38 1554.24 687.937 615.946 2041.43 342.126 1165.49 331.709 202.729 168.846 98.4501 85.0506 59.0965 46.4969 45.9674 38.9739 34.3176 26.8247 26.7999 20.7684 19.43 16.81 11.8986 11.5815 8.56834 8.43436 6.48264 5.95439 13.7456 5.31826 28.5111 5.26759 103.208 64.4784 13.4943 5.06523 4.97093 4.49434 12.2957 6.5643 3.64242 3.34412 4.20588 3.2742 8.65525 27.4754 3.1524 2.58148 8.81206 2.48134 2.43491 2.4061 3.08918 2.4044 2.40108 20.1233 2.25265 1.7678 1.62792 24.18 395.038
threshold=1.0000000180025095e-35 1.5000000000000002 2.5000000000000004 38.500000000000007 4.5000000000000009 1.0000000180025095e-35 10.500000000000002 28.500000000000004 2.5000000000000004 41.500000000000007 1.5000000000000002 0.027973395772278312 1.0000000180025095e-35 1.0000000180025095e-35 4.732208490371705 4.3825974464416513 32.500000000000007 3.5000000000000004 1.0000000180025095e-35 7.5000000000000009 24.500000000000004 1.0000000180025095e-35 4.5000000000000009 1.0000000180025095e-35 4.1358499526977548 33.500000000000007 12.500000000000002 9.5000000000000018 27.500000000000004 0.04089996591210366 7.5000000000000009 4.2815024852752694 1.5000000000000002 17.500000000000004 4.5000000000000009 22.500000000000004 28.500000000000004 35.500000000000007 9.5000000000000018 4.1998050212860116 20.500000000000004 15.500000000000002 0.060120481997728355 0.10916730388998987 28.500000000000004 10.500000000000002 4.5000000000000009 37.500000000000007 4.517277956008912 1.5000000000000002 8.5000000000000018 38.500000000000007 4.1162824630737314 39.500000000000007 1.0000000180025095e-35 10.500000000000002 28.500000000000004 16.500000000000004 16.500000000000004 49.500000000000007 10.500000000000002 28.500000000000004
decision_type=2 2 2 2 2 2 2 2 2 2 2 2 2 2 2 2 2 2 2 2 2 2 2 2 2 2 2 2 2 2 2 2 2 2 2 2 2 2 2 2 2 2 2 2 2 2 2 2 2 2 2 2 2 2 2 2 2 2 2 2 2 2
left_child=-1 9 3 4 5 16 10 -8 -9 12 11 21 14 -10 22 26 28 48 36 -17 -16 -6 -2 24 -18 30 -13 42 -3 -30 31 51 -20 34 -34 44 -4 57 39 41 -41 -32 -28 -44 45 46 -35 -46 -15 -50 -21 -23 -43 58 59 -56 -57 -36 -54 60 -24 -62
right_child=1 2 18 -5 6 -7 7 8 13 -11 -12 15 -14 17 20 19 23 -19 32 50 -22 25 54 -25 -26 -27 27 -29 29 -31 38 -33 33 35 37 -37 -38 -39 -40 40 -42 52 43 -45 47 -47 -48 -49 49 -51 -52 -53 53 -55 55 56 -58 -59 -60 -61 61 -63
leaf_value=0.12323707774607794 0.060399634468771897 -0.02738098118802363 -0.010314677771697003 0.12496303199818767 0.081817943008153912 0.12389591288974287 0.13126194916609574 0.12840473451843321 0.13189622185779482 0.12050375621437828 0.1513887965328708 -0.018308565171778521 0.13518851663890896 -0.027699031052326309 0.13118834053968731 0.17612775559625166 -0.0077437640383552194 0.11059107388369778 0.13083765394462021 -0.013002052332763085 -0.016115180079952506 -0.021306485540581097 -0.029662462286437721 0.097342798842429218 0.066308097111245426 0.048873618716370568 0.072448422786801733 -0.016794811972294297 -0.016307761547827385 0.070011423952201654 -0.028894593569903725 0.10154743212798767 0.13482732633692859 0.1146383518764774 -0.020532240575956848 0.13224468532975667 0.056060915118646054 0.026435357922121146 -0.030573299079148228 0.058637498339804639 -0.016526371265163781 -0.019907413274554041 -0.017263952566315639 0.043592957635895616 0.01019395414290951 0.13398513080541805 -0.014255062699313181 0.063309672519192325 -0.021980818898217538 0.053117487305849483 0.038888355008183079 0.0086756285209155706 0.014665187834313949 0.026583028714168181 -0.023907530652419288 0.089398496247907522 -0.025997479045826399 0.012444405097372902 -0.019647643313384523 -0.030474660055766069 0.14797036153476067 -0.03002790507366692
leaf_weight=915.9531128257513 0.97845239937305351 140.95768317207694 1.9592413157224648 56.234112620353699 0.58518145233392616 169.24563397467136 68.311920642852783 12.894107744097708 1.1896350346505631 7.1715628802776328 4.1611057072877875 3.8175188638269884 1.857002981007098 164.9740362688899 1.3981864377856248 2.4352195560932151 5.482729744166134 0.6836426705121984 87.57769787311554 0.72274182736873616 1.0373962037265299 49.606545228511095 3523.5956057421863 1.3375500179827211 1.7756807729601858 0.513964943587779 1.9021308571100233 1.1983643546700475 25.89964167773724 0.78841096162795921 63.378832878544927 0.81554662995040317 3.2469984441995612 2.0214281082153303 6.8513255380094034 59.899187322705984 0.73282774537801731 3.018559716641902 166.17502494715154 1.687348855659365 1.1339522041380403 45.854979984462261 1.2653811164200308 1.0208324901759622 1.8207426220178593 3.785823754966259 2.550017736852169 3.9053898304700851 5.8072574771940699 0.78535920567810524 1.1331432238221166 2.0464441366493693 0.99339983612298866 1.6226765159517524 16.498779030516747 0.72520127519965072 5.4309373293071985 1.706246383488178 4.4314936697483063 1930.1171032804996 11.047380104660986 164.89282593503594
leaf_count=4977 27 5794 70 312 5 926 392 76 11 42 31 136 18 6774 20 23 175 7 500 24 21 1949 146651 26 40 16 60 48 983 18 2597 21 23 14 122 370 20 29 6925 52 34 1795 45 30 19 26 54 32 210 21 27 63 33 54 671 6 219 27 166 80635 73 6879
internal_value=-0.000833302 -0.0174228 0.0383721 0.023907 0.0178424 0.0497961 -0.000273225 0.0262276 -0.0127742 -0.0291676 -0.0192229 -0.0216606 -0.0293786 -0.0239459 -0.0294565 0.0551701 -0.0216598 -0.0257773 0.119601 0.125795 0.0820184 -0.0248739 -0.029519 0.037661 0.0162076 -0.0252991 0.0131432 0.0348095 -0.0249067 -0.0113213 -0.0255559 -0.0162236 0.12104 0.110029 0.0348424 0.124428 0.0180442 -0.00169334 -0.0272096 -0.022301 0.0320082 -0.0238804 0.0499657 0.0149061 0.0846167 0.100136 0.053086 0.050447 -0.0269584 -0.00721692 0.0212037 -0.0199764 -0.0174486 -0.000964736 -0.0295452 -0.0182334 -0.00181072 -0.0133431 -0.0120597 -0.0295875 -0.0291166 -0.0180782
internal_weight=7772.65 6856.7 1191.94 1012.87 956.635 345.487 611.148 254.646 186.334 5664.75 356.502 352.341 5657.58 173.44 5655.72 13.4953 176.242 172.25 179.075 4.2911 2.43558 338.845 5653.29 8.59596 7.25841 338.26 9.20423 5.38671 167.646 26.6881 337.746 52.4685 176.383 88.8057 14.8231 73.9826 2.69207 11.5761 285.278 119.103 2.8213 116.281 4.18834 2.28621 14.0834 8.35727 4.57145 5.72613 171.567 6.59262 1.85589 51.653 52.9026 7.04757 5652.31 22.6549 6.15614 8.55757 5.42489 5629.65 3699.54 175.94
internal_count=271444 266467 31205 29899 29587 7962 21625 7491 7099 235262 14134 14103 235220 7023 235202 393 7036 7012 1306 74 41 13710 235161 241 215 13705 319 183 6795 1001 13689 2033 1216 716 201 515 90 178 11656 4731 86 4645 135 75 145 94 68 51 7005 231 51 2012 2048 253 235134 896 225 149 199 234238 153603 6952
is_linear=0
shrinkage=0.03


Tree=8
num_leaves=63
num_cat=0
split_feature=17 4 4 2 2 2 2 2 5 2 6 16 15 5 1 0 3 7 2 6 2 5 2 1 3 1 0 0 15 5 1 0 6 5 2 15 0 15 11 15 1 11 15 2 15 2 2 2 7 4 0 15 6 0 15 15 19 2 2 15 0 2
split_gain=15821.5 4851.09 1293.96 587.882 585.585 1783.43 341.069 1042.23 254.743 201.367 125.427 94.5428 45.5204 40.2094 40.1301 34.2895 26.6127 22.3726 21.3042 13.6286 13.5982 13.3942 12.4821 11.1635 10.8418 12.713 10.1764 9.98942 9.95441 9.20061 8.08868 7.90254 10.6637 7.61807 16.253 7.12064 6.84739 5.61964 4.86621 4.55953 4.47826 4.03325 84.517 40.6697 3.94304 3.38289 30.6425 17.5519 4.83169 102.012 3.29747 3.02908 3.00546 2.7362 2.71824 2.65974 2.47333 2.6835 20.587 2.37369 1.9746 23.2094
threshold=1.0000000180025095e-35 1.5000000000000002 2.5000000000000004 38.500000000000007 4.5000000000000009 1.0000000180025095e-35 10.500000000000002 28.500000000000004 1.0000000180025095e-35 41.500000000000007 0.027973395772278312 1.0000000180025095e-35 4.732208490371705 3.5000000000000004 12.500000000000002 32.500000000000007 3.5000000000000004 1.0000000180025095e-35 1.0000000180025095e-35 0.13969751447439197 7.5000000000000009 1.0000000180025095e-35 8.5000000000000018 4.5000000000000009 9.5000000000000018 15.500000000000002 40.500000000000007 39.500000000000007 4.2469935417175302 1.5000000000000002 16.500000000000004 27.500000000000004 0.04089996591210366 2.5000000000000004 37.500000000000007 4.3257780075073251 35.500000000000007 3.9529904127120976 1.0000000180025095e-35 4.500451087951661 20.500000000000004 1.0000000180025095e-35 4.311063528060914 34.500000000000007 4.1460111141204843 4.5000000000000009 8.5000000000000018 7.5000000000000009 1.5000000000000002 3.5000000000000004 32.500000000000007 4.3544929027557382 0.060120481997728355 44.500000000000007 4.1270830631256112 4.0062184333801278 1.0000000180025095e-35 10.500000000000002 28.500000000000004 3.7303860187530522 49.500000000000007 10.500000000000002
decision_type=2 2 2 2 2 2 2 2 2 2 2 2 2 2 2 2 2 2 2 2 2 2 2 2 2 2 2 2 2 2 2 2 2 2 2 2 2 2 2 2 2 2 2 2 2 2 2 2 2 2 2 2 2 2 2 2 2 2 2 2 2 2
left_child=-1 9 3 4 5 15 10 -8 -9 11 17 12 23 16 -12 31 33 -6 40 20 27 26 -22 -2 25 -19 44 55 30 -14 37 -3 -33 41 -35 52 -30 59 53 -26 -4 42 43 -10 -17 -20 47 -47 -48 -50 -39 -44 -24 -32 -55 -16 60 -58 -59 -27 61 -25
right_child=1 2 18 -5 6 -7 7 8 13 -11 14 -13 29 -15 19 21 -18 24 45 -21 22 -23 35 56 39 28 -28 -29 36 -31 38 32 -34 34 -36 -37 -38 50 -40 -41 -42 -43 51 -45 -46 46 48 -49 49 -51 -52 -53 -54 54 -56 -57 57 58 -60 -61 -62 -63
leaf_value=0.11242978840439138 0.044521247041826043 -0.027236210740496015 -0.0097772390184953945 0.11388933699648146 0.083672107188167213 0.11299861033056491 0.11884418937638896 0.1288972979840983 0.11534265783999093 0.11152768013207219 -0.018482257360760045 0.13403294658171142 0.1172624088587008 0.083856437557557867 0.043028800326313496 -0.016133091912781918 0.10057392348938748 -0.025844291754368 0.13343520511403062 0.14241845467691247 -0.022038403793568133 0.097374338423430309 0.090966369984712359 -0.029505058816503754 -0.029615165114964072 0.024858500661902695 0.079622561072578119 0.13762612598715823 -0.01462902805919278 0.0085227911221106671 -0.01827351089931014 -0.013665307104247359 0.058036633104412351 0.078272083868052011 -0.01987430801360791 -0.013365032742926839 0.069951652675051407 0.0021636894722943546 0.033026164282532515 0.026846409223503592 0.052289271764909807 -0.03038042634609029 0.030220306400551917 -0.029295888838795886 0.028507605013573384 0.076153126631763018 0.11767775819385358 -0.010757445715284376 0.033157678091730231 0.11884463386461999 0.040571450460202253 0.14099830686419962 0.013530502958397 -0.014766975135774041 0.038703347667977575 -0.013226355530455949 -0.023781732245588019 0.093003391695067689 -0.02571518981817069 -0.015665222916655622 -0.030427531697874946 -0.017991534664453704
leaf_weight=971.0741153806448 0.99617947265505691 135.93649752810597 1.8847359698265784 60.473481088876724 0.80585309863090415 184.80873182415962 76.007852211594582 9.7903024405240995 0.82286933064460654 8.20240370929241 3.893742185086011 2.2218544930219641 1.2190605252981179 2.2552511394023886 0.63462133519351327 5.1183522809296829 0.58620120584964652 90.120845686644316 23.12730285525322 2.7454745769500724 2.4980926811695099 1.3353170491755006 1.6724512614309794 3425.3690101560205 160.39864036440849 0.63136971183121016 0.63300435617566098 1.6263472065329549 0.89341819472610895 1.2704016491770742 60.916138645261526 25.27405623160303 1.0265468582510937 1.1245732977986325 4.4138681013137102 0.75875895470380772 1.3744557369500396 3.5696471855044365 0.89126335829496284 0.56908754259347816 0.81045095995068539 81.462361415848136 0.97435300610959474 79.671045223250985 1.5227518007159231 3.6615697443485251 87.202583357691765 3.3979938142001629 17.834048673510551 50.254478752613068 3.9902430698275566 1.7491229400038717 1.0277318712323902 0.91598086431622394 0.7336556538939476 0.74542947486042976 16.229441190138463 0.67616230249404807 5.0947057865560055 6.928449809551239 1873.3412346299738 171.13605475053191
leaf_count=4967 26 5735 68 315 6 951 407 59 8 45 142 19 17 24 21 168 6 3744 137 26 94 24 30 146595 6882 25 14 14 29 23 2360 974 22 10 177 26 31 134 32 15 21 3425 34 3355 33 47 463 80 204 270 122 24 32 33 20 25 675 6 211 272 80566 6901
internal_value=-0.00069343 -0.0170613 0.0372665 0.023915 0.0181517 0.0486624 0.00023008 0.0262565 -0.0126679 -0.0290203 -0.0191303 -0.0292503 -0.0293406 -0.021371 0.0615337 -0.0211842 -0.0232404 -0.0230858 0.109365 0.0875032 0.0580769 0.0344072 0.0244272 -0.0294048 -0.0235955 -0.0181316 0.0124767 0.102013 -0.00932327 0.0801162 -0.0113282 -0.0243269 -0.00884336 -0.0242517 0.00897735 0.0554018 0.0423512 0.00798409 -0.0159821 -0.029251 0.0179862 -0.0254167 -0.0202546 -0.0264201 -0.00350608 0.110589 0.106538 0.038176 0.109381 0.0972059 0.0248074 0.120126 0.0731151 -0.0171888 0.0146454 0.0198526 -0.0294263 -0.0178512 -0.000123727 -0.00977211 -0.0294696 -0.0289624
internal_weight=7688.33 6717.26 1211.5 1023.33 962.855 355.655 607.199 258.858 182.85 5505.76 348.342 5497.55 5495.33 173.06 15.6026 170.847 170.804 332.739 188.173 11.7089 8.96343 8.60943 5.95703 5492.84 331.933 170.965 7.27411 3.0064 80.8446 2.48946 78.5767 162.237 26.3006 170.218 5.53844 3.45894 2.26787 15.1197 63.457 160.968 2.69519 164.68 83.2174 80.4939 6.6411 185.478 162.351 7.05956 155.291 68.0885 7.55989 2.72348 2.70018 62.5658 1.64964 1.38005 5491.85 22.0003 5.77087 7.55982 5469.85 3596.51
internal_count=271221 266254 31170 29880 29565 7921 21644 7529 7122 235084 14115 235039 235020 7063 410 6970 7039 13705 1290 268 242 239 182 234980 13699 6802 215 60 3058 40 2998 6731 996 7033 187 88 60 553 2445 6897 89 6846 3421 3363 201 1201 1064 127 937 474 256 58 62 2413 53 46 234954 892 217 297 234062 153496
is_linear=0
shrinkage=0.03


Tree=9
num_leaves=63
num_cat=0
split_feature=4 4 1 2 13 7 2 2 2 11 1 6 6 2 15 2 5 0 16 2 2 14 2 14 6 14 14 15 2 2 14 2 2 2 6 7 2 1 19 14 1 1 2 2 1 3 0 0 3 2 3 2 2 2 2 14 14 11 11 0 2 15
split_gain=13959.9 1312.85 741.032 726.742 415.482 352.292 309.6 391.428 517.813 317.753 191.711 182.822 174.55 171.349 176.289 187.732 120.42 121.653 118.685 118.178 374.71 123.847 99.0958 95.2678 94.5501 84.1216 61.355 61.1447 51.3769 284.562 53.3218 40.6446 73.9516 45.925 39.517 36.5872 30.88 29.9625 27.4199 25.9165 25.4532 24.5768 22.7001 40.3802 22.5723 22.4627 18.9167 16.7942 15.6181 69.8381 46.4194 21.3033 123.928 55.0512 838.226 68.7888 34.3801 31.7857 19.9622 15.4298 13.1096 12.824
threshold=1.5000000000000002 2.5000000000000004 14.500000000000002 38.500000000000007 1.5000000000000002 1.0000000180025095e-35 1.0000000180025095e-35 4.5000000000000009 10.500000000000002 1.0000000180025095e-35 21.500000000000004 0.020942983217537407 0.047809524461627013 38.500000000000007 3.6690529584884648 1.0000000180025095e-35 1.0000000180025095e-35 74.500000000000014 1.0000000180025095e-35 34.500000000000007 38.500000000000007 2.5000000000000004 4.5000000000000009 3.5000000000000004 0.16727494448423388 1.5000000000000002 4.5000000000000009 4.732208490371705 10.500000000000002 28.500000000000004 2.5000000000000004 5.5000000000000009 1.0000000180025095e-35 4.5000000000000009 0.024845679290592674 1.0000000180025095e-35 28.500000000000004 14.500000000000002 1.0000000180025095e-35 1.5000000000000002 24.500000000000004 23.500000000000004 10.500000000000002 28.500000000000004 4.5000000000000009 11.500000000000002 22.500000000000004 29.500000000000004 9.5000000000000018 7.5000000000000009 1.0000000180025095e-35 34.500000000000007 29.500000000000004 10.500000000000002 28.500000000000004 1.5000000000000002 2.5000000000000004 1.0000000180025095e-35 1.0000000180025095e-35 41.500000000000007 40.500000000000007 4.3490920066833505
decision_type=2 2 2 2 2 2 2 2 2 2 2 2 2 2 2 2 2 2 2 2 2 2 2 2 2 2 2 2 2 2 2 2 2 2 2 2 2 2 2 2 2 2 2 2 2 2 2 2 2 2 2 2 2 2 2 2 2 2 2 2 2 2
left_child=3 2 5 18 6 -2 10 -8 11 19 46 25 -6 14 15 -7 -11 36 26 -10 21 -21 -17 61 28 35 27 38 31 -30 -31 32 -16 -34 41 -9 -18 -29 44 -33 45 47 -40 -44 -1 59 -4 -12 50 -50 51 52 53 55 -55 58 -53 -56 -46 -37 -38 -23
right_child=1 -3 4 -5 12 13 7 8 9 16 34 -13 -14 -15 24 22 17 -19 -20 20 -22 23 -24 -25 -26 -27 -28 37 29 30 -32 39 33 -35 -36 40 60 -39 42 -41 -42 -43 43 -45 48 -47 -48 -49 49 -51 -52 56 -54 54 57 -57 -58 -59 -60 -61 -62 -63
leaf_value=0.056744565532115349 0.10670739388312239 0.10274335233412192 0.071944590265270836 0.103287420488888 -0.028793738893044967 -0.007213206132169343 0.10385759275264393 0.091530643255822663 0.1061736449701066 0.10153959259707204 0.073831453273906111 0.10070139657245381 0.097750909118999765 0.099362015296975581 -0.018000006412184077 0.10196694772898517 0.071717151678585084 0.092540995488797989 0.11482290501892102 0.09934971315087103 0.1039955111443195 -0.028088103498672006 -0.0013352610832805983 0.12352964063132621 0.079979317987315141 0.10439148842416651 0.093310307060863698 0.13415448399953697 0.1018572212348387 0.084476508249628143 -0.023529507094536349 -0.027765259069416608 0.09485997776804006 0.0016448723689713057 0.11402603422227094 -0.0039775809574351629 -0.027056462564894419 -0.010879472704575947 -0.0177736955166924 0.079823616429225669 0.033076833805057999 0.068853552130753615 0.10052713906302724 -0.01403079418606035 -0.027307604758514337 0.1068715804738114 -0.0016033915746710228 -0.0025839901847632268 0.084261153906174238 -0.030643016540608543 0.091989756108411369 0.092848824224598975 0.10848209940445655 0.1170590278743843 0.074967084166052536 0.1135467149613589 -0.03059568989046129 -0.030622740709695177 0.010633301274072001 -0.029588401926276556 0.052819531455457841 0.048069708914981746
leaf_weight=1.9795645289123047 35.689236983656883 587.26368386484683 2.2607672512531272 37.933815643191338 58.0572748798877 38.326619181782007 285.55117319524288 2.713288962841033 191.27710984274745 12.283570647239683 2.4662915468215934 18.904655735939741 10.769844774156807 17.33714671432972 44.854264911264181 39.281390145421028 2.2659337222576132 9.8327875044196826 4.3526031449437133 9.9442491233348829 103.05558136105537 42.926746914163232 10.51316514238715 3.2611977979540816 10.328235741704701 6.1083236485719672 2.8635524138808242 2.179736152291297 22.040307074785233 3.378862038254737 75.215884260833263 134.77229890413582 9.3897179812192917 8.8401262983679771 14.312102811411021 95.681592943146825 45.433309843763709 1.9146799892187116 16.798717020079497 1.1066054254770268 13.972689202055333 28.783197151497006 3.9557643160223943 5.8019701354205608 2694.5493443515152 0.51109845563769241 89.635280748829246 9.9726801626384241 3.8475331962108603 1323.833257779479 2.0282734017819157 1.0953756310045708 5.2622825298458329 38.014039561152458 1.6667790822684754 2.1686147917062035 992.56917774118483 333.08946674689651 12.054848205298184 26.341639379039407 1.023832470178603 1.2002735286951054
leaf_count=33 180 3175 11 187 2528 1439 1393 15 948 62 12 225 71 85 1785 192 11 61 30 50 505 1838 371 22 104 33 16 17 109 17 3193 5799 46 326 84 3493 1917 32 684 7 329 407 22 223 116964 6 3202 326 19 58499 12 8 30 204 9 15 43921 14657 419 1164 5 15
internal_value=-0.000648804 0.0645811 0.0499675 -0.0259361 0.0633579 0.0175847 0.0681689 0.074967 0.0607539 0.0782938 0.0277133 0.01543 -0.00787612 0.0096895 0.00554456 0.042732 0.0199902 0.00146547 -0.0268543 0.0899485 0.0700607 0.00832538 0.0805598 -0.0124342 -0.00513235 0.00372529 -0.0269886 -0.0270691 -0.00832277 0.00908555 -0.0178832 -0.0171293 0.00275228 0.0520937 0.071182 -0.00140445 -0.0184059 0.0775095 -0.027162 -0.0263123 -0.00390389 0.0539585 0.00313548 0.0374383 -0.0273112 -0.00835445 0.000960974 0.0169334 -0.0273525 -0.0302469 -0.026404 -0.0264854 -0.0252266 -0.0254901 -0.0146183 -0.0269803 -0.0303664 -0.0298753 -0.0271348 -0.00970186 -0.0242202 -0.0249973
internal_weight=7614.84 2126.88 1539.62 5487.96 1088.55 451.074 1019.72 872.289 586.738 422.505 147.43 164.233 68.8271 415.385 398.047 88.1212 70.8394 58.5559 5450.03 351.665 160.388 57.3325 49.7946 47.3882 309.926 145.329 5445.67 5442.81 299.598 100.635 78.5947 198.963 63.0841 18.2298 55.5343 139.22 48.7231 4.09442 5438.72 135.879 136.507 41.2222 26.5565 9.75773 5412.16 122.534 91.896 12.439 5410.18 1327.68 4082.5 4080.47 3086.81 3081.54 372.77 2708.77 993.665 334.756 2706.6 122.023 46.4571 44.127
internal_count=271562 35561 32386 236001 18733 13653 16134 12092 10699 5434 4042 5265 2599 13473 13388 2002 2056 1994 235814 3378 2430 1925 563 1875 11386 5040 235784 235768 11282 3319 3210 7963 2157 372 829 5007 1933 49 235719 5806 4992 745 929 245 234790 4663 3213 338 234757 58518 176239 176227 132298 132268 14870 117398 43929 14666 117383 4657 1922 1853
is_linear=0
shrinkage=0.03


end of trees

feature_importances:
path_length=181
entropy=118
url_length=72
hostname_length=50
digit_ratio=46
path_depth=29
hyphen_count=25
dot_count=22
subdomain_depth=20
query_length=18
has_sensitive_keyword=11
is_shortener=9
uses_https=9
brand_keyword_count=7
query_param_count=2
has_at_symbol=1

parameters:
[boosting: gbdt]
[objective: binary]
[metric: binary_logloss,auc]
[tree_learner: serial]
[device_type: cpu]
[data_sample_strategy: bagging]
[data: ]
[valid: ]
[num_iterations: 1200]
[learning_rate: 0.03]
[num_leaves: 63]
[num_threads: 0]
[seed: 42]
[deterministic: 0]
[force_col_wise: 0]
[force_row_wise: 0]
[histogram_pool_size: -1]
[max_depth: -1]
[min_data_in_leaf: 20]
[min_sum_hessian_in_leaf: 0.001]
[bagging_fraction: 0.9]
[pos_bagging_fraction: 1]
[neg_bagging_fraction: 1]
[bagging_freq: 1]
[bagging_seed: 400]
[bagging_by_query: 0]
[feature_fraction: 0.95]
[feature_fraction_bynode: 1]
[feature_fraction_seed: 30056]
[extra_trees: 0]
[extra_seed: 12879]
[early_stopping_round: 0]
[early_stopping_min_delta: 0]
[first_metric_only: 0]
[max_delta_step: 0]
[lambda_l1: 0]
[lambda_l2: 1]
[linear_lambda: 0]
[min_gain_to_split: 0]
[drop_rate: 0.1]
[max_drop: 50]
[skip_drop: 0.5]
[xgboost_dart_mode: 0]
[uniform_drop: 0]
[drop_seed: 17869]
[top_rate: 0.2]
[other_rate: 0.1]
[min_data_per_group: 100]
[max_cat_threshold: 32]
[cat_l2: 10]
[cat_smooth: 10]
[max_cat_to_onehot: 4]
[top_k: 20]
[monotone_constraints: ]
[monotone_constraints_method: basic]
[monotone_penalty: 0]
[feature_contri: ]
[forcedsplits_filename: ]
[refit_decay_rate: 0.9]
[cegb_tradeoff: 1]
[cegb_penalty_split: 0]
[cegb_penalty_feature_lazy: ]
[cegb_penalty_feature_coupled: ]
[path_smooth: 0]
[interaction_constraints: ]
[verbosity: -1]
[saved_feature_importance_type: 0]
[use_quantized_grad: 0]
[num_grad_quant_bins: 4]
[quant_train_renew_leaf: 0]
[stochastic_rounding: 1]
[linear_tree: 0]
[max_bin: 255]
[max_bin_by_feature: ]
[min_data_in_bin: 3]
[bin_construct_sample_cnt: 200000]
[data_random_seed: 175]
[is_enable_sparse: 1]
[enable_bundle: 1]
[use_missing: 1]
[zero_as_missing: 0]
[feature_pre_filter: 1]
[pre_partition: 0]
[two_round: 0]
[header: 0]
[label_column: ]
[weight_column: ]
[group_column: ]
[ignore_column: ]
[categorical_feature: ]
[forcedbins_filename: ]
[precise_float_parser: 0]
[parser_config_file: ]
[objective_seed: 16083]
[num_class: 1]
[is_unbalance: 0]
[scale_pos_weight: 1]
[sigmoid: 1]
[boost_from_average: 1]
[reg_sqrt: 0]
[alpha: 0.9]
[fair_c: 1]
[poisson_max_delta_step: 0.7]
[tweedie_variance_power: 1.5]
[lambdarank_truncation_level: 30]
[lambdarank_norm: 1]
[label_gain: ]
[lambdarank_position_bias_regularization: 0]
[eval_at: ]
[multi_error_top_k: 1]
[auc_mu_weights: ]
[num_machines: 1]
[local_listen_port: 12400]
[time_out: 120]
[machine_list_filename: ]
[machines: ]
[gpu_platform_id: -1]
[gpu_device_id: -1]
[gpu_use_dp: 0]
[num_gpu: 1]

end of parameters

pandas_categorical:null
